"report-file-flux"
"Time Step" "flow-time etc.."
("Time Step" "flow-time" "report-def-bottom-flux" "report-def-top-flux")
0 0 0 0
1 0.05 1463.490057967983 -1962.039696286652
2 0.1 737.0857923662612 -1178.60063421332
3 0.15 553.0149942543159 -900.0114078341979
4 0.2 458.3527678866426 -755.4095458396756
5 0.25 397.3528595885548 -670.6126430841457
6 0.3 354.2410106664094 -620.0394159119412
7 0.35 329.2966556425364 -593.7071092768988
8 0.4 343.0061585505904 -605.0997796143988
9 0.45 419.5101131869927 -662.1127670195856
10 0.5 544.8421242718283 -768.4659075878296
11 0.55 671.6710798251477 -904.5075663085635
12 0.6000000000000001 845.5902992810502 -1085.056587094252
13 0.65 1066.408594143126 -1306.665946483939
14 0.7000000000000001 1280.720144457077 -1504.807284043508
15 0.75 1351.734949498865 -1601.00135213836
16 0.8 1296.903175255428 -1596.652852698922
17 0.8500000000000001 1231.802833960689 -1570.27675352758
18 0.9 1224.532334033567 -1514.167444394815
19 0.9500000000000001 1254.195572060406 -1461.281338692434
20 1 1256.231350844607 -1408.81267494999
21 1.05 1247.033318135474 -1295.636168491058
22 1.1 1256.980533994444 -1218.259761660241
23 1.15 1303.837660126885 -1258.32106524815
24 1.2 1398.836194418688 -1430.528972528845
25 1.25 1508.73488077325 -1633.440947392768
26 1.3 1599.507164491908 -1766.832140948433
27 1.35 1655.216475195857 -1833.638832310551
28 1.4 1661.357505551793 -1868.833651226558
29 1.45 1616.895724553855 -1865.663051088752
30 1.5 1553.811242365702 -1819.312218960399
31 1.55 1522.22068310666 -1766.653786672564
32 1.6 1502.813846536664 -1710.173552129598
33 1.65 1477.942355757608 -1610.998236721559
34 1.7 1452.220418665032 -1542.43832346891
35 1.75 1434.354792812196 -1493.42481418557
36 1.8 1427.686680775323 -1460.157477177366
37 1.85 1431.768963813643 -1436.921677972035
38 1.9 1444.564776286976 -1419.61008741887
39 1.95 1462.721093127961 -1408.519413710641
40 2 1480.948810802859 -1409.45693785142
41 2.05 1497.064106725255 -1429.532776512401
42 2.1 1510.942727357806 -1469.77284754017
43 2.15 1518.793357369252 -1525.903650643226
44 2.2 1516.514370897174 -1593.114014256962
45 2.25 1506.566910700579 -1654.834204772344
46 2.3 1499.374705968397 -1689.449778293839
47 2.35 1501.180537320141 -1695.553414969849
48 2.4 1509.720937998366 -1686.777264098008
49 2.45 1520.578252645377 -1675.5843745302
50 2.5 1531.126838272284 -1667.838223389186
51 2.55 1540.056311466558 -1664.593740066563
52 2.6 1547.346811339004 -1664.876318032591
53 2.65 1553.21572204262 -1667.559172024972
54 2.7 1557.900888521702 -1671.67077721959
55 2.75 1561.941169299993 -1676.32868763859
56 2.8 1565.589844756661 -1680.803160324333
57 2.85 1569.074730286113 -1684.401250037378
58 2.9 1572.77800585694 -1686.810380550604
59 2.95 1576.521901171395 -1688.036646295471
60 3 1580.469076535513 -1688.287318397786
61 3.05 1584.770615988132 -1687.905353241472
62 3.1 1589.396637331076 -1687.27141132392
63 3.15 1594.147215871475 -1686.669051867745
64 3.2 1599.029584149262 -1686.240378543732
65 3.25 1603.909672445176 -1686.049439665852
66 3.3 1608.828877754532 -1686.045262870349
67 3.35 1613.568284444791 -1686.153457168284
68 3.4 1618.053709579799 -1686.306157825049
69 3.45 1622.136997561104 -1686.48624636754
70 3.5 1625.926855103266 -1686.577631039004
71 3.55 1629.304909574781 -1686.563792876333
72 3.6 1632.212752385796 -1686.496128185827
73 3.65 1634.749198192325 -1686.365703246483
74 3.7 1636.976531031309 -1686.197759783039
75 3.75 1638.86440618979 -1685.940289878759
76 3.8 1640.375394939548 -1685.604476808802
77 3.85 1641.594719307116 -1685.206948693216
78 3.9 1642.743746246853 -1684.713088251471
79 3.95 1643.614552894318 -1684.15380801787
80 4 1644.156393688405 -1683.554036321219
81 4.05 1644.87909049588 -1682.88978525069
82 4.100000000000001 1645.536187447969 -1682.225124614586
83 4.15 1645.947954600697 -1681.592754554212
84 4.2 1646.67434877434 -1680.953112773686
85 4.25 1647.34386796021 -1680.351818349866
86 4.3 1647.8297906469 -1679.788250177505
87 4.350000000000001 1648.502571513827 -1679.245803690878
88 4.4 1649.302282286721 -1678.722914991543
89 4.45 1649.956420333883 -1678.248485402218
90 4.5 1650.459625918769 -1677.798966097078
91 4.55 1650.970923945745 -1677.346022966938
92 4.600000000000001 1651.506848626106 -1676.947715306691
93 4.65 1652.002505289476 -1676.612221123204
94 4.7 1652.357188595857 -1676.304511475104
95 4.75 1652.523474233511 -1675.960473877218
96 4.800000000000001 1652.611427688123 -1675.532760852192
97 4.850000000000001 1652.813442276235 -1675.041260215451
98 4.9 1653.003784338146 -1674.559752336082
99 4.95 1652.956480449572 -1674.105206163954
100 5 1653.016254425074 -1673.650884247478
