"report-file-flux"
"Time Step" "flow-time etc.."
("Time Step" "flow-time" "report-def-bottom-flux" "report-def-top-flux")
0 0 0 0
1 0.05 2105.168691614875 -2872.071144410038
2 0.1 1068.805618642532 -1713.389257757327
3 0.15 810.6086631642423 -1319.771300438629
4 0.2 677.4224334413075 -1116.487449637981
5 0.25 593.1050481731813 -999.9738031378615
6 0.3 540.6533869082027 -939.0179550961215
7 0.35 542.8379276997741 -933.2467351715999
8 0.4 638.8216346901507 -1012.28828405461
9 0.45 835.1758767349255 -1179.129573393466
10 0.5 1024.607697782187 -1395.009654041251
11 0.55 1239.941866016103 -1622.775641479836
12 0.6000000000000001 1455.091373401115 -1863.397788314559
13 0.65 1593.476506110699 -2035.635026151773
14 0.7000000000000001 1604.316052485142 -2002.568455586469
15 0.75 1700.312406771417 -1896.868245015126
16 0.8 1809.490957532766 -1697.260417118544
17 0.8500000000000001 1890.158206257234 -1648.96356234275
18 0.9 1944.700159475418 -1837.685200434009
19 0.9500000000000001 2002.870518571558 -2115.841513870567
20 1 2109.100390312432 -2340.717462075685
21 1.05 2245.734980308659 -2508.013308043058
22 1.1 2371.979582138444 -2652.058620666679
23 1.15 2467.572380837597 -2773.566031851171
24 1.2 2542.405486893512 -2855.815531705635
25 1.25 2606.206904929692 -2905.866306024393
26 1.3 2657.418050453973 -2938.570341469481
27 1.35 2692.143180724929 -2957.309948766584
28 1.4 2709.100728514876 -2960.50046155242
29 1.45 2708.838421491703 -2948.067700932419
30 1.5 2691.700222047873 -2920.92035454495
31 1.55 2655.497747239707 -2878.16978893344
32 1.6 2593.268892713907 -2813.234722378937
33 1.65 2479.193548441035 -2600.478570954686
34 1.7 2395.655785339521 -2380.151020671356
35 1.75 2328.053865639691 -2280.159888981505
36 1.8 2241.045029087412 -2235.343232179529
37 1.85 2175.251476874872 -2190.476441457726
38 1.9 2136.43545049956 -2134.87423850153
39 1.95 2110.024576789139 -2082.461530055978
40 2 2093.372335600157 -2047.13305539717
41 2.05 2088.323744585326 -2036.201577506028
42 2.1 2095.096720332408 -2052.08042680485
43 2.15 2112.369136102196 -2094.951469866752
44 2.2 2139.355772326821 -2163.256079450279
45 2.25 2177.094543001948 -2232.690466892305
46 2.3 2226.211279131027 -2278.509626628502
47 2.35 2280.375439083538 -2323.407142744138
48 2.4 2329.958376465513 -2391.345737635901
49 2.45 2369.400998357608 -2463.385885987494
50 2.5 2398.270419252483 -2511.85091126098
51 2.55 2418.262821703399 -2533.09827434499
52 2.6 2429.826073457723 -2536.253514463654
53 2.65 2434.390063243737 -2530.186421407073
54 2.7 2434.662698498593 -2520.330690515044
55 2.75 2433.658251388988 -2509.999606423251
56 2.8 2433.548457692678 -2501.247227249158
57 2.85 2435.654156298038 -2495.369526626206
58 2.9 2439.947507934692 -2492.852657540772
59 2.95 2446.048016999654 -2493.313798996919
60 3 2453.165337396798 -2495.830553314989
61 3.05 2460.409495546176 -2499.433174601218
62 3.1 2467.061062702512 -2503.211397848226
63 3.15 2472.480629731225 -2506.511794964575
64 3.2 2476.2210549349 -2508.820391027339
65 3.25 2478.112505311004 -2509.824424744402
66 3.3 2478.559957382303 -2509.526304339646
67 3.35 2477.944309327454 -2508.198480065751
68 3.4 2476.849395499735 -2506.25522980943
69 3.45 2475.844510896102 -2504.108681072563
70 3.5 2475.387792291838 -2502.123070698786
71 3.55 2475.795927176593 -2500.619778019739
72 3.6 2476.985535937298 -2499.73556476634
73 3.65 2478.918599484943 -2499.50794210143
74 3.7 2481.342530842498 -2499.833192193137
75 3.75 2484.137244771762 -2500.532880695318
76 3.8 2486.822471735755 -2501.45467412684
77 3.85 2489.468420115029 -2502.424806462729
78 3.9 2491.737339170264 -2503.343935151995
79 3.95 2493.484448703088 -2504.036556172706
80 4 2494.892371969525 -2504.499775057469
81 4.05 2495.960154064333 -2504.760576858983
82 4.100000000000001 2496.759333755156 -2504.924869365468
83 4.15 2497.395829538747 -2505.078789812321
84 4.2 2497.906190078959 -2505.200776372912
85 4.25 2498.357362409854 -2505.251789796062
86 4.3 2498.785391905596 -2505.22412657564
87 4.350000000000001 2498.99095041692 -2505.147539682201
88 4.4 2499.020634177677 -2505.039927191719
89 4.45 2499.188906147871 -2504.915135343188
90 4.5 2499.531362378089 -2504.798251471977
91 4.55 2499.949165653333 -2504.701502382159
92 4.600000000000001 2500.284301992626 -2504.638131756706
93 4.65 2500.530694650448 -2504.599671988746
94 4.7 2500.735233842878 -2504.558268552381
95 4.75 2500.934437407673 -2504.53604358035
96 4.800000000000001 2501.155854518791 -2504.570113580134
97 4.850000000000001 2501.367365555664 -2504.649469470273
98 4.9 2501.51360036964 -2504.765089321428
99 4.95 2501.492061893026 -2504.838912766345
100 5 2501.425578045418 -2504.836204419606
