"report-file-flux"
"Time Step" "flow-time etc.."
("Time Step" "flow-time" "report-def-bottom-flux" "report-def-top-flux")
0 0 0 0
1 0.05 3018.798002443276 -4189.969479431918
2 0.1 1565.022489625512 -2517.99865862981
3 0.15 1220.483186227487 -1967.292079927402
4 0.2 1051.961833665844 -1681.130586862977
5 0.25 954.1230718304892 -1513.764762531979
6 0.3 905.4097603894006 -1431.810637804789
7 0.35 938.7117994987116 -1439.411912616475
8 0.4 1109.456062422329 -1584.695451776092
9 0.45 1413.118896248563 -1876.110651278171
10 0.5 1700.63601729117 -2222.711891531915
11 0.55 2015.916311290718 -2576.501252394343
12 0.6000000000000001 2389.580699618702 -2911.491822247104
13 0.65 2652.947261598003 -3038.570222532046
14 0.7000000000000001 2793.672033490074 -2904.339108378643
15 0.75 2805.417721616788 -2758.044731958567
16 0.8 2684.300819870797 -2481.726636253691
17 0.8500000000000001 2512.541620800012 -2261.795982591623
18 0.9 2501.229309467113 -2418.574430221538
19 0.9500000000000001 2712.775844815124 -2672.275315477291
20 1 2980.881343815338 -2919.021598311407
21 1.05 3169.537416942919 -3142.951031438282
22 1.1 3266.377555289935 -3338.14630076686
23 1.15 3320.14122985707 -3484.024027357997
24 1.2 3369.255184180351 -3573.734945816732
25 1.25 3416.848944330041 -3624.188842299117
26 1.3 3452.712168545787 -3653.706553917304
27 1.35 3472.550364514791 -3669.952709549128
28 1.4 3481.467972760099 -3675.147056079448
29 1.45 3488.004612614339 -3672.490931069169
30 1.5 3498.193874494151 -3667.062319744617
31 1.55 3513.895235051305 -3663.559685462009
32 1.6 3534.128683976189 -3664.35600043493
33 1.65 3555.61984411477 -3669.228456503099
34 1.7 3574.941456739772 -3676.209817972509
35 1.75 3589.750958212572 -3683.237300645194
36 1.8 3599.059729172971 -3688.125192135351
37 1.85 3603.811166802534 -3689.499099411269
38 1.9 3606.067887061543 -3687.508591437289
39 1.95 3608.107883568048 -3683.405972486273
40 2 3611.507879637611 -3678.844305955586
41 2.05 3616.556412204212 -3675.158119106915
42 2.1 3622.726369988905 -3672.96938154467
43 2.15 3629.059823971804 -3672.10764065626
44 2.2 3634.632579652211 -3672.121932160104
45 2.25 3639.028623165663 -3672.659909407871
46 2.3 3642.005194883823 -3673.174973774652
47 2.35 3643.76880155931 -3673.028605432689
48 2.4 3644.614194644024 -3672.068936276378
49 2.45 3645.267103944376 -3670.496578463589
50 2.5 3646.155974801415 -3668.730526441597
51 2.55 3647.501112822536 -3667.20204479702
52 2.6 3649.378833658895 -3666.120174610556
53 2.65 3651.351540412284 -3665.559152339221
54 2.7 3653.239812853124 -3665.382851418785
55 2.75 3654.844905813992 -3665.374764856459
56 2.8 3656.044402424096 -3665.391166910847
57 2.85 3656.883464931674 -3665.423239700132
58 2.9 3657.418956335649 -3665.39153368442
59 2.95 3657.764487511947 -3665.184357038761
60 3 3657.989142330067 -3664.802654504229
61 3.05 3658.116145657718 -3664.342051350836
62 3.1 3658.330492536086 -3663.870365590496
63 3.15 3658.715250505275 -3663.460787627446
64 3.2 3659.127093122772 -3663.180460359933
65 3.25 3659.517523649344 -3663.013519231577
66 3.3 3659.86726201492 -3662.917996601437
67 3.35 3660.162836356383 -3662.84626942293
68 3.4 3660.397142519059 -3662.771616578366
69 3.45 3660.578979094764 -3662.698798651192
70 3.5 3660.717531777465 -3662.639727989794
71 3.55 3660.808315035035 -3662.583297190285
72 3.6 3660.869105368728 -3662.507759528976
73 3.65 3660.911082976173 -3662.404273837173
74 3.7 3660.897253480114 -3662.27633430301
75 3.75 3660.848924552923 -3662.143503380102
76 3.8 3660.807002479083 -3662.018535119707
77 3.85 3660.804715078251 -3661.898382787826
78 3.9 3660.86058435733 -3661.788469898863
79 3.95 3660.97115100429 -3661.705061546303
80 4 3661.070449705001 -3661.655247330723
81 4.05 3661.147072732177 -3661.633420710029
82 4.100000000000001 3661.207168110501 -3661.628460913517
83 4.15 3661.254087015727 -3661.630952698086
84 4.2 3661.291969657199 -3661.634472315097
85 4.25 3661.320541024475 -3661.631352609165
86 4.3 3661.342269517252 -3661.623175264008
87 4.350000000000001 3661.359494536085 -3661.61273401437
88 4.4 3661.373103901432 -3661.60177344158
89 4.45 3661.383475403049 -3661.590822106099
90 4.5 3661.390678432544 -3661.580803037175
91 4.55 3661.39602952921 -3661.570033878706
92 4.600000000000001 3661.398750329213 -3661.560105413023
93 4.65 3661.399873345753 -3661.549941029204
94 4.7 3661.386636969706 -3661.527030437207
95 4.75 3661.371072989516 -3661.501702116114
96 4.800000000000001 3661.342491695733 -3661.465370734799
97 4.850000000000001 3661.312932343686 -3661.426450128424
98 4.9 3661.268371868032 -3661.380087154985
99 4.95 3661.216765002496 -3661.333655385418
100 5 3661.165446023385 -3661.290460965831
