nodenumber     x-coordinate     y-coordinate velocity-magnitude       x-velocity       y-velocity 
         1  4.000000000E-03 -2.500000000E-04  0.000000000E+00  0.000000000E+00  0.000000000E+00 
         2  4.000000000E-03 -2.467206790E-04  5.836359355E-04  5.836359348E-04 -2.853917830E-08 
         3  4.000000000E-03 -2.427861316E-04  1.273544341E-03  1.273544338E-03 -8.468144737E-08 
         4  4.000000000E-03 -2.380655935E-04  2.086404461E-03  2.086404453E-03 -1.805605201E-07 
         5  4.000000000E-03 -2.324022707E-04  3.040204962E-03  3.040204943E-03 -3.347901892E-07 
         6  4.000000000E-03 -2.256081885E-04  4.150826475E-03  4.150826427E-03 -8.413965277E-08 
         7  4.000000000E-03 -2.000000000E-04  8.039343223E-03  8.039341442E-03  4.757076558E-06 
         8  4.000000000E-03 -1.750000000E-04  1.140406162E-02  1.140405679E-02  1.045915605E-05 
         9  4.000000000E-03 -1.500000000E-04  1.432860065E-02  1.432859472E-02  1.300721069E-05 
        10  4.000000000E-03 -1.250000000E-04  1.679996748E-02  1.679996255E-02  1.280520900E-05 
        11  4.000000000E-03 -1.000000000E-04  1.881976172E-02  1.881975818E-02  1.145285155E-05 
        12  4.000000000E-03 -7.500000000E-05  2.038901346E-02  2.038901124E-02  9.403190546E-06 
        13  4.000000000E-03 -5.000000000E-05  2.150852222E-02  2.150852105E-02  6.917746990E-06 
        14  4.000000000E-03 -2.500000000E-05  2.217862499E-02  2.217862456E-02  4.128580157E-06 
        15  4.000000000E-03  1.084202172E-19  2.240128254E-02  2.240128246E-02  1.176769135E-06 
        16  4.000000000E-03  2.500000000E-05  2.217831698E-02  2.217831688E-02 -1.638506725E-06 
        17  4.000000000E-03  5.000000000E-05  2.150797131E-02  2.150797090E-02 -4.046546073E-06 
        18  4.000000000E-03  7.500000000E-05  2.038864146E-02  2.038864055E-02 -5.986952116E-06 
        19  4.000000000E-03  1.000000000E-04  1.882036451E-02  1.882036300E-02 -7.464136092E-06 
        20  4.000000000E-03  1.250000000E-04  1.680305812E-02  1.680305592E-02 -8.540039786E-06 
        21  4.000000000E-03  1.500000000E-04  1.433635215E-02  1.433634890E-02 -9.539529145E-06 
        22  4.000000000E-03  1.750000000E-04  1.141351483E-02  1.141351113E-02 -9.185394652E-06 
        23  4.000000000E-03  2.000000000E-04  8.042736878E-03  8.042734936E-03 -5.230491722E-06 
        24  4.000000000E-03  2.256081953E-04  4.149364001E-03  4.149363919E-03 -2.294534542E-07 
        25  4.000000000E-03  2.324022740E-04  3.038883607E-03  3.038883600E-03  2.031253030E-07 
        26  4.000000000E-03  2.380655948E-04  2.085336166E-03  2.085336163E-03  1.117171376E-07 
        27  4.000000000E-03  2.427861320E-04  1.272802644E-03  1.272802643E-03  5.413296910E-08 
        28  4.000000000E-03  2.467206790E-04  5.832582477E-04  5.832582474E-04  1.871319843E-08 
        29  4.000000000E-03  2.500000000E-04  0.000000000E+00  0.000000000E+00  0.000000000E+00 
